73326	313194
210273	320888
98859	280431
35549	262106
89558	237433
29050	335086
121418	316168
121373	280622
27154	279355
138588	256027
84314	304537
41932	331340
171342	325880
190897	311963
125942	290039
105082	310116
166109	295451
209773	265474
27530	283714
202208	271556
118208	300772
42102	308493
90972	316359
38869	335671
62852	309440
159012	308884
8714	258803
176859	278604
131032	250635
104636	288835
73953	280901
135215	316684
135146	263625
173250	307940
135559	307998
27408	292850
86693	245823
2264	283286
202952	257935
120023	326796
105887	314732
208717	288570
158210	325412
183684	279374
115831	290154
175080	276986
98101	258732
2656	313392
14946	320181
224334	299099
124066	266086
47884	336035
174631	279469
155114	242882
49382	314365
42674	319050
63420	251766
77490	270001
94183	245275
222961	248776
51448	313556
221680	279100
161110	295623
1266	282425
61450	332249
171456	269149
128847	235385
65736	252915
136841	269796
227626	333006
29430	265131
142816	324548
29954	309607
208533	246485
74497	313488
10977	241868
216054	242596
200434	255864
190591	255906
23384	234920
72184	322829
208561	260256
175143	333203
51683	257070
213720	269219
22271	309514
33924	323745
114808	334328
88771	313342
138128	334197
223944	293043
172138	259076
190609	291667
79953	288076
173009	306928
85507	253892
96819	257750
205036	296264
183103	250782
52649	297532
113126	303052
220055	304681
18994	315462
110916	332547
16444	287767
119388	301394
91714	234624
36756	301395
219359	312224
25501	311864
182797	268693
207146	314941
71769	248184
6872	236307
93089	272680
125558	330906
147877	241425
139107	314662
177230	270040
14627	265770
212007	244009
217713	309035
16924	333155
63576	324722
116363	259245
89844	298406
177287	307970
150934	256222
153249	314680
168508	255152
155141	302910
171129	300665
139102	316083
30445	250647
67541	273499
72535	240783
197111	291698
143488	279267
211078	267777
175597	269379
3986	294619
110876	313989
186924	238902
74342	285633
210845	312904
222116	317906
128736	321085
211570	320817
30763	263664
178925	299811
125318	240184
52236	300516
148839	296084
66422	252519
154373	235475
219542	262120
66489	264049
88201	289077
83784	328759
212454	278316
198352	274178
52092	277028
164205	309106
45107	260241
159660	245423
170692	335594
79709	246999
119152	244988
103189	271542
130579	254777
189459	321261
150651	238459
93450	305946
4131	282146
122695	254425
145179	310657
55929	267149
84649	281968
1752	305526
220842	258741
200098	285452
86119	276809
128552	264728
215477	331609
134145	245038
77493	326064
9999	330301
185983	264491
159834	271111
110768	256375
181800	263220
192542	265706
134162	312894
34299	297394
21454	267840
201207	291784
149491	248682
153532	316567
208136	335770
16005	317356
131883	330698
163868	241909
26768	334133
225248	309219
14755	249763
209057	306200
5399	292791
167860	294335
120749	314443
25804	317744
27613	311946
18026	330781
2380	274457
227070	246237
20635	319500
115551	286614
112819	265319
167982	287149
65347	286425
52941	261764
158773	234767
195749	268891
84896	277457
179792	290018
94555	325581
84125	269922
203342	275656
45387	306908
94440	241439
100308	287927
27861	259636
96344	275792
117174	283945
180373	329946
99564	236277
119074	319081
117582	275789
188665	247457
49994	256761
85966	262220
62619	248998
157112	260239
21133	334695
116239	322856
171522	262885
201377	299023
192753	309619
87215	326422
216827	289458
585	256571
36007	286828
208827	276813
56173	296732
87087	267881
202887	319141
104937	307674
158736	285521
210174	250665
154804	302735
113507	256887
132776	251672
12374	270315
102049	333978
3211	252816
129471	323751
21693	270018
196497	275794
136389	268809
208137	328177
190443	320456
144264	252011
96506	283818
71047	320826
161065	245286
67440	243905
29905	267645
223958	277047
185786	248091
224321	286945
29976	245854
121032	312031
108537	234390
180697	284887
9026	316065
89813	291284
84402	242637
133013	305895
108009	262586
120631	288573
140507	331233
217761	323655
25329	259384
14621	320979
192185	318532
228642	250467
205526	266661
150228	336314
195961	282228
148746	302003
66445	312454
25555	284654
43262	286904
125807	258865
119989	336370
218243	275831
201066	324453
173006	253480
95643	261687
77109	248755
4437	314202
44019	292814
215894	304574
104216	310074
210660	264344
39121	292390
200771	318358
144897	257368
66014	318015
160935	331619
1944	331181
184369	240122
122169	301291
58913	334223
50401	305256
168431	234883
9929	330360
75814	242884
203613	243820
67376	296623
204199	297329
154047	292419
199484	307614
209138	327418
59902	298411
101409	318351
47984	325470
159359	244019
94387	289666
106944	330234
88073	275603
95800	335188
8562	252755
91579	262147
153954	270839
168696	321063
161881	238622
132559	272713
149182	298036
1158	323130
68426	276041
5696	302239
80266	287765
111689	286467
184849	261442
208410	234862
121848	238994
34383	317891
147676	280645
208292	264338
89403	255421
2503	297655
224615	252895
126511	287902
125510	242164
126353	255818
125374	302031
189199	290976
181712	325137
113314	312853
201306	275333
205816	257995
93323	265868
123036	289040
158117	285408
202688	332797
97278	265656
181047	296529
110379	271089
125365	258446
142310	263621
191078	316727
66401	287155
107291	241228
113665	292256
74770	270747
222070	252731
85775	237420
100823	313138
105791	256853
164939	276582
106777	285360
149762	240849
206040	262119
185591	268308
29412	238261
164717	290446
178136	305405
102487	247804
56198	297804
21755	294074
232399	318773
187413	283477
39676	286086
127132	299115
214784	292664
129737	297989
53457	335961
202983	325124
104704	299232
205854	265723
104927	331870
178807	263142
98441	303473
169944	318329
119955	272290
32556	262252
58106	281551
226932	262710
7839	279299
112746	304120
133539	294927
201692	318293
131386	286715
73728	272764
18212	236077
158585	298524
144252	281029
104836	252371
8167	291566
9739	267994
174028	239211
113776	248048
69469	282956
108911	327849
124653	300918
67773	290790
85423	330740
210146	323946
115071	277671
102717	318602
132672	251415
99492	280807
205735	260333
225037	235754
91878	322036
50483	326992
46890	233479
13808	322323
203775	274978
213701	247453
188048	334910
190887	264819
128518	282207
132671	254006
87979	271523
131559	245443
102685	253183
60078	332458
49256	286393
40958	311739
101681	310161
233392	321205
160214	290017
61323	290441
135438	239581
40047	239719
213499	315394
224129	281576
25273	290678
221030	244260
61608	233562
9785	258430
231596	316351
117360	237797
100376	281161
105528	293026
23349	313908
227300	272161
221940	259831
183402	289345
149326	334541
121589	246122
33140	276910
25151	301096
29155	255786
144423	298840
57353	244760
211355	314270
86722	294837
124556	304660
9484	331089
86045	252154
201363	267587
90840	266213
83979	255576
122337	233837
117451	272120
88580	234521
152842	334960
147900	317566
92377	322935
43387	246331
164349	273942
32626	256777
74109	289017
10260	271141
30731	277791
139849	250563
204024	253660
1859	240168
1580	237039
32620	329709
86244	275048
142478	296724
91069	278493
108115	276149
193291	295595
184382	320213
168538	315480
145494	299448
46529	325924
11654	326438
11606	273792
72562	318325
44941	257157
83377	288254
28038	330690
150693	323786
124608	256519
75723	263443
58949	273738
135970	328484
179028	249827
203884	279445
3719	243304
199310	252211
229174	291917
78792	315799
208046	328876
177850	276988
145886	260405
39834	292402
20	334126
129798	314156
133969	299171
165215	326812
150708	290770
105574	265622
214186	327933
80044	335643
46064	310083
132471	245786
163578	243990
39278	300254
223847	275943
29195	299739
211674	308024
16672	296263
61361	323433
54980	323663
127504	238504
91091	241105
27588	240544
24370	294817
126553	322750
136582	298846
112778	323769
203979	289939
154752	322501
159592	253945
43004	247307
47685	293211
45248	295921
22698	270266
41757	265361
94243	282467
19077	270706
216759	264902
11439	298711
94516	254161
99282	328548
228517	257615
167509	335528
206480	271193
80591	311199
17855	294452
119931	265121
68096	236660
51896	313914
188551	300742
154715	306347
184826	305669
11090	333963
210581	249775
86232	325629
86940	333569
189477	281107
140677	237486
31682	271039
157587	286819
121890	280756
51875	307902
32219	284081
26419	331228
146405	244068
121073	327804
82855	283644
78184	277605
118021	308856
151265	253757
142884	266537
33752	327921
31124	305883
56769	245134
12316	294169
187415	277661
232903	304050
83918	265853
142733	245784
119301	280060
204546	336158
113446	282399
127470	305357
182601	264643
111091	309165
58197	295362
213768	302412
100550	309223
49241	282629
83830	288659
4540	273716
130737	258018
215237	241276
103743	304226
67132	264514
195172	238666
207148	270863
168942	281118
38829	267866
40834	260547
18626	297952
198202	259961
107260	284985
210461	322113
52775	296163
65503	313015
56781	246047
162643	323679
110709	239558
185971	241902
49091	328005
161571	288380
117302	260469
156020	313786
24101	240311
152098	252651
186902	260383
209623	289621
34304	329797
206993	333603
224681	294081
8133	291656
73684	332740
109155	304873
170958	289890
28595	242773
282	258464
85569	272260
37785	305483
191996	296167
190154	305600
13135	314155
207637	260140
77873	276273
44377	276980
94400	292244
189613	236326
2429	328616
68452	329375
23585	254892
33480	278501
132878	263067
28431	255473
186196	295406
217345	261824
34773	333269
48101	258901
38402	236093
160936	265982
85871	314612
168079	297144
146765	298859
43881	244050
30702	321361
153276	251514
43456	292958
115294	233805
67927	237778
119537	290464
20056	287291
142760	284566
129352	306179
32180	336240
186478	244847
171620	255133
84951	268852
178694	291732
54788	264792
119131	299643
129278	234488
156838	284196
3843	237371
23361	243582
180692	247100
178923	288600
168377	245355
42759	254521
165736	306700
210127	320961
215261	236078
31784	290712
213016	328793
193588	291625
165029	329497
47868	310297
8384	330648
68132	235486
45681	333324
80583	293733
25223	235165
210981	332373
79375	319503
133852	281210
102756	328654
167130	304834
49323	332288
114852	282793
211614	260350
36995	328969
3892	314174
178495	279551
9335	294104
112826	267333
218606	316233
5412	274661
142313	250197
59206	276762
23659	281850
218441	328550
18976	254441
207402	237977
26660	244369
229071	290240
45344	258203
49246	266326
216844	274349
171460	292949
157480	236155
83796	304974
78654	254796
61956	321723
168289	271036
4778	321267
219188	277547
116929	234632
226396	302131
106648	240397
121642	268109
58647	244660
14191	305322
63060	317713
201230	292145
5274	300094
132412	243613
3652	278476
137953	283458
121324	299497
73825	256078
128934	248731
198485	244722
64395	315120
133382	286143
125894	303137
212790	292197
135524	303345
82297	300835
143260	273593
43219	275474
162296	323938
180512	311064
152143	261172
64654	293804
62719	245580
12083	295505
21161	261003
153393	251602
27319	239582
232650	296956
212732	279169
102451	277202
107756	306393
88369	334644
115689	294691
77762	315342
126635	334318
177421	297482
119578	273178
42998	252956
217204	313610
104566	281135
159569	319911
158882	328264
96505	298947
199298	326319
74199	252263
54492	318405
172809	235516
131057	255615
193634	262272
51958	278057
141156	254572
184931	257498
27610	292756
126826	280003
165615	300608
29938	327552
37971	234241
23704	273483
44411	320376
1596	244680
147594	261807
13310	306193
161404	301360
176043	331477
122910	280967
43612	264738
132066	320218
63218	314872
146679	285706
215584	299836
131686	293262
144211	303443
109808	319227
67209	234946
34443	316966
27293	320008
209046	249934
212437	327205
76512	271927
83491	297525
101962	257926
191434	256079
14206	266034
7708	333100
149008	269251
74032	256703
172823	246280
150451	317873
27120	246680
34686	305859
193096	317788
144096	238925
65316	269871
86864	260509
57904	325005
106024	266032
14058	268994
40582	285377
140907	296697
215288	281275
13939	293735
24542	280400
156087	325636
111478	247932
184665	333502
219011	316391
76986	323634
212733	329550
6750	289334
92644	253746
160114	240115
62023	269945
173041	266851
2369	299299
172065	261369
15399	262393
190332	244482
15225	295438
188328	246422
45679	332295
22661	317456
170595	298940
7731	307831
168719	280805
162745	328434
213102	291015
164003	329801
121353	284976
79445	258229
47341	233640
163193	281598
96464	260826
187485	255754
113135	275762
7858	299430
194379	277552
203381	290540
112887	274267
97906	258630
210084	254889
165117	260957
219037	269310
166886	249531
125684	236700
128924	297001
217435	329738
224049	314899
7868	284604
138021	330762
25937	272522
32576	243736
178929	308389
50072	308196
136465	261222
207936	314112
128080	244746
142024	292361
45509	303531
169168	324084
202257	297650
163511	264634
216673	332324
36076	291953
227878	319663
18205	265500
76981	290365
173361	239831
114620	260554
183309	317710
212872	278470
8507	315711
191403	327644
204096	265832
108792	270163
74548	244822
86710	283919
60365	318324
50938	258043
183778	271515
5974	307777
116032	329122
167759	319015
184685	309839
214607	240114
82980	299852
2573	255312
201615	282500
62032	247245
120729	300042
183885	241077
172227	292531
81951	294880
218284	283069
66879	294830
132155	258703
212544	322683
197671	271065
168062	305124
201351	333691
102187	248706
225043	281678
36151	247442
37814	278783
63066	303694
147259	312824
203355	322693
14787	287957
150142	275421
16838	304157
190750	260481
80980	293238
37604	324439
107619	293977
178550	312221
162319	331895
96146	275073
185055	280816
41834	302074
135437	318299
2512	312218
142334	247743
86129	234198
135999	316803
138820	276310
80207	240904
211498	253886
84851	243661
145860	326927
191932	306059
55590	290358
31534	320402
173558	292524
57884	312069
130939	293866
38817	291844
101915	263401
48946	270562
12444	281026
128740	280971
69876	245265
25538	233467
93419	271863
132429	247942
65727	324704
46446	317393
14993	296616
42712	315377
87475	276463
26133	285771
140830	278245
14845	262515
67609	317671
104444	330573
161985	257635
177189	279589
79768	292506
167493	311689
142503	261552
21008	240788
176512	317462
83529	289055
8111	242682
90974	308757
195866	319326
180871	303079
125958	295244
227937	299397
232821	300172
132058	303315
47406	326311
97358	308360
92038	287165
35746	286036
176213	236313
225438	335430
31091	252279
173643	257309
215733	299676
7042	250666
75219	334239
66	304378
65016	335563
183770	313158
43189	316922
45737	265125
151979	266548
129574	307694
67330	249807
28824	288020
137433	267240
76188	243337
485	241598
111551	248971
149057	239810
162458	292313
89269	299784
144841	257072
71912	336526
67572	252007
172532	278989
52840	249232
169572	249488
99263	247062
43688	246896
133547	253237
22813	235382
146751	247540
112118	241624
230340	239778
170969	287250
46634	292509
51191	263017
52282	296463
225277	247858
102194	257404
125714	287729
31182	252843
182796	255899
218563	284221
12526	258898
180535	271826
119653	241930
141388	253364
158490	307612
7275	267990
135928	310858
36725	329904
7357	258325
83930	254265
34908	329418
119804	303590
30050	317882
69254	252548
136667	283636
214634	307669
55392	286699
216033	330138
72126	284174
170577	246076
87227	250963
10906	250816
69142	281777
223692	249582
225660	274097
123965	248153
64299	287536
140481	317840
191495	275753
142921	291003
77135	299859
227067	261899
46496	320691
220393	292087
91115	268924
14477	307540
22220	314816
76133	329449
99982	296166
210105	249112
22842	283369
106597	237258
191481	251824
4664	292983
119628	322891
207509	251483
221131	311645
75778	289884
232162	249793
188144	317888
149947	247411
223008	258894
168535	327461
154356	245064
142778	313837
216429	295230
17061	298894
91607	241107
123131	293231
63939	267160
69404	279525
57569	256308
120110	293319
200382	310602
38313	245171
139060	334371
154978	298329
162162	271531
123581	283542
3395	329798
193078	298225
87242	271663
191010	254595
212155	304195
218581	277624
219363	314949
89211	245879
172240	263896
26457	264315
224725	280042
181169	287277
182887	330652
157045	274043
62551	258484
77106	267699
41296	293068
119017	283026
90484	330485
178720	237665
30315	245540
15234	330722
97507	264682
38089	322874
68215	330193
23796	283482
143400	311602
46995	261357
29724	253042
140000	318603
126805	314296
176487	263025
201991	285401
38583	326507
198936	236202
44736	250178
171096	260165
226997	258254
141879	290701
182190	235562
170191	320248
119818	268179
18177	289896
148863	261009
56553	240133
6372	307340
154388	253188
18700	306572
112823	282391
23549	245624
79092	248585
109217	245379
173049	263908
17202	329554
27611	245222
25532	323802
39520	243869
180195	249989
101852	307905
52591	294475
120119	276043
193954	238263
32810	265371
209266	274555
173203	280555
35064	248501
10171	302484
174138	313065
36746	258967
182051	266824
117198	304835
180413	240756
219937	319706
97525	259559
176939	323856
204425	257684
152449	272509
8934	261279
159350	317612
76260	241475
10202	300440
17901	317733
188968	320563
208153	320261
41439	283906
134054	249912
56776	243263
60483	308490
72150	310538
214171	265611
183582	311388
4626	257122
87440	336043
110497	301344
54767	277776
208072	310481
13817	236589
72613	296233
138770	326419
27054	322106
107087	273641
5574	233552
154057	253998
226251	248068
147554	315863
80670	330970
8778	330824
114446	284345
30936	236895
174164	261574
97539	285784
15083	299504
173042	325739
169768	316193
90026	267438
65087	335505
93236	324892
134935	281807
79144	318390
177136	245169
120855	268905
161947	311426
39717	239692
45902	274976
180806	331315
131146	268737
209934	294537
62161	288502
64602	250837
31853	274884
108402	318176
168503	317976
40173	251503
169340	308918
66752	334084
161699	317139
194811	238749
13406	327136
45583	289379
154957	282507
62973	309078
38555	279055
127558	255210
91006	234271
201109	316508
87226	296218
207338	300342
28446	303540
82268	265898
6153	324742
68658	305592
112991	285129
47559	274255
197057	269919
94820	302021
75499	321252
58543	255908
168263	305499
202986	324133
206822	298365
116466	255621
128787	287263
189077	328901
109622	297906
140111	257022
12349	248701
4661	314826
105322	273018
202634	314817
100624	278369
42291	334477
227338	271849
89630	302699
227175	328459
31245	330715
97850	319996
38940	244178
22624	321232
225166	235064
121532	291712
67930	292598
99259	295525
171167	295830
10751	261448
117853	245807
122696	289374
17712	241266
79363	270663
137217	312626
52453	235044
92637	310504
149732	307652
20080	283309
62349	303479
86346	269229
99892	304865
70406	317905
86417	254805
147044	259086
206833	335157
24013	256706
163608	265964
217025	304232
149348	290404
39267	243067
215907	332409
33103	335059
110736	286200
180272	263928
231404	244007
192060	241428
45208	304674
65145	333787
208114	234106
45432	303344
32987	274375
64309	317182
64909	294803
15856	282308
106905	331243
193402	262815
42471	266900
202649	327696
64553	298468
217694	310443
210651	237902
160406	324082
50450	234634
145662	250145
95707	257456
65177	237446
157499	305497
95585	266351
117448	301753
109527	295309
120108	254610
62617	251264
227766	274875
147370	265864
119761	304757
198937	286676
50912	280663
22567	329874
354	296085
129269	336408
154503	336195
16771	330529
81330	297837
163954	244325
206952	273298
87326	311042
53620	266663
158253	276902
139478	334564
78824	239170
140092	296124
29810	305981
183252	238560
10937	324653
7754	308662
5913	312430
185677	311627
16086	263524
53476	300303
142601	246530
145216	311556
120355	296347
194513	273752
31811	322173
161864	284293
8623	267542
117429	269104
155199	244189
112073	336424
233164	270644
52804	275448
120975	242995
205249	294244
202005	257442
212669	261303
52666	254758
47805	312455
176670	263790
140223	245790
132989	327026
222312	268926
1594	325404
211389	255124
101221	279096
153395	318536
185883	252562
58787	258563
31746	283040
106487	274210
214418	279919
152373	334165
51331	331723
151592	267942
179095	262546
138508	317618
24134	259795
94966	290780
92033	249616
109629	300920
140745	241291
9363	275747
73396	278702
51905	277648
132179	316783
51494	298964
151352	266799
212291	308891
39870	328970
49705	258543
150632	272033
233185	254784
62595	248627
200928	248444
106750	299081
63390	253144
48989	284661
9104	260578
190730	264218
225477	284579
224341	311144
153211	272591
131305	284825
207496	250300
167462	258687
50656	305168
91598	248279
19328	309473
19423	286504
46579	297213
118434	310533
207627	302027
223856	290631
155198	320768
5066	253740
88343	291556
45661	319354
120345	271360
229090	260719
61324	292405
24068	283804
57400	250679
158468	247183
29152	274519
73018	293691
48445	260874
222080	313151
204017	258344
160389	319047
75328	321018
220377	243343
196790	262059
146051	327408
150324	239018
160460	254340
137461	260334
223028	236917
69630	262862
44801	312694
111198	247930
167048	249116
71198	335651
147089	295477
144132	284070
81691	262942
203022	300217
216642	270392
155524	250507
138652	285899
77171	276570
36149	330587
187299	261327
211522	328162
124955	264119
3125	310250
163028	330426
35477	328455
218728	244882
65995	264372
163665	274123
26743	305740
94823	245767
218542	305082
43796	288716
167832	284433
42155	241409
196710	320454
102176	312838
135009	318157
95121	305504
205449	294141
135944	333615
22502	288875
36462	296919
122188	244602
160296	320306
130662	291804
69654	288425
46859	312527
26432	264097
25567	315305
124298	317637
35191	329619
102029	262196
209724	269802
147636	240658
131518	286534
26614	322590
106593	299534
37250	309950
175544	236032
143150	290074
157126	304540
3163	332054
86914	296270
151266	284840
155665	248431
33309	283313
37508	335687
4376	331982
53567	280823
51577	317681
168657	334881
40983	234278
164012	245328
185539	262577
67157	271063
217056	285814
209481	313926
10631	320091
76627	328631
174440	277009
184390	244801
56021	248028
47447	327209
228826	300776
160064	239291
176763	262855
204986	328060
228274	251762
75250	255056
183314	255727
159672	263069
58664	241557
133853	262286
218210	314079
46875	320556
112400	255144
217226	241413
163675	318326
102501	307878
90325	301230
52797	293093
180288	323985
11305	292764
139552	279118
201412	235885
62211	264402
218771	272331
173754	284969
141290	319800
142632	268708
65759	308818
43064	297154
54987	272773
165116	269939
131266	317227
14217	335320
104715	296379
165350	270245
55658	318970
232333	257257
58721	291674
232133	264121
196998	284363
160856	301387
112560	258392
137168	248992
75379	272534
221296	263526
149055	302796
47701	254018
195364	241695
62432	273746
125737	331067
17477	311062
22971	314061
61573	276976
125925	310312
35754	321856
201095	308889
75294	278665
183591	237683
112307	285369
64251	331385
186322	299356
136317	265332
149419	304956
121189	324615
91689	254381
192760	274520
20187	270730
203842	312013
96904	327224
212789	334099
74664	244524
14371	310410
119075	269298
197273	329223
135141	288017
35068	272297
106906	253505
45813	321103
61644	236121
224634	325347
11343	318974
188215	285667
148224	334178
179063	258064
187253	254252
151568	304097
41225	276514
127078	308881
59588	256396
101138	253187
32349	249718
119111	258498
43071	272537
1413	295973
189530	318725
178021	236322
37268	267762
28487	289533
205348	252992
69743	258011
216887	301290
99211	236717
185278	254391
75187	259531
122210	334609
187732	276044
64601	235539
10957	307733
106603	331182
134953	237666
112040	331030
186472	269545
100538	261438
30651	309852
160607	296849
147473	250576
225010	302975
158888	251952
105770	274190
40383	283851
55802	327322
93125	326385
208741	317964
908	319120
136235	294433
173591	274515
144983	257909
111705	258065
81983	257728
193778	326280
38831	269501
130480	312285
30249	242513
24165	253150
182301	277373
119699	314839
49137	323213
205973	250581
23536	327365
21690	255872
58445	262087
104889	251539
14644	302535
143192	317101
150912	288607
126405	300939
104840	334775
20188	301617
104087	291412
181240	242194
109693	260598
18233	258360
222415	314474
180026	285758
153132	264446
1237	243794
191862	266300
42635	257312
41880	241471
217911	324091
216208	305553
183743	234530
64678	300243
112428	336207
50055	266779
108028	272819
133713	267803
100758	279098
78159	294715
90541	332106
224516	240463
139966	282931
82082	262384
164408	294902
133937	250102
158593	237019
189540	309643
120064	302042
220255	287456
69010	318336
154875	235580
88997	262230
228796	302804
77257	240511
195432	334357
20615	298216
115446	307863
102578	263559
26006	302095
106533	324041
198143	298675
110161	327111
19266	274581
155583	244200
16777	273842
200686	238618
138447	300999
43962	328675
22400	300887
175060	258178
208496	285888
217808	314063
177002	327406
214573	263572
81095	280428
121446	240474
102482	313197
194976	236377
63867	298466
32698	294943
37511	266855
15788	312676
155308	233516
12421	327480
219603	271463
105451	251699
83761	242584
218016	322640
76302	280547
41404	281754
103360	314192
67253	331399
66715	269988
106595	268421
64456	326551
33320	300226
14757	331208
192173	305655
120448	289185
6302	335862
16361	320440
130869	312122
144230	266933
22335	234833
171884	326469
75586	259693
159443	257028
120349	259443
38960	240241
214334	240955
100522	323169
103610	297620
150706	253573
92262	243111
151679	256509
169716	308712
194255	288441
158918	281110
121801	270137
92202	234114
26598	253100
214680	271262
21964	278051
46650	327757
180867	271862
224417	264367
999	240745
77072	262575
127294	238063
138030	261085
185338	247688
26473	294990
92996	299934
154953	332932
60862	270587
180364	264604
131584	321358
24241	326312
84489	308026
10254	315304
95440	266602
24875	290900
77533	288574
946	311436
127865	252366
28475	237561
102520	306504
59129	334420
167640	272683
216830	294982
163722	291974
147146	243019
81721	270754
79967	236097
32508	312831
88715	296242
6686	321986
85855	242015
107955	292521
133050	241051
41395	319855
195158	251740
181313	266084
167561	300232
219630	305392
10619	280579
218934	249353
60730	242796
42161	320227
103987	262833
120141	307223
67810	314486
13757	301359
96439	243377
35910	287320
81759	298535
206176	335623
180994	249555
91712	298429
226675	331955
50947	325529
107115	241370
79197	282436
148022	238410
50796	289923
94913	287367
215626	307320
121646	293422
193214	333033
54687	303287
215830	316986
76914	265535
185655	305351
171675	256283
8284	238012
24039	304706
113311	274979
226611	318248
131055	255183
201502	299867
83482	334923
55514	317083
92254	304728
143813	309272
31150	304041
164284	245993
144165	291079
172800	282118
48095	326599
106525	304928
186631	294544
194819	265511
44457	288821
106879	305433
41415	307399
226844	251666
5845	289573
174309	261523
175427	310248
116389	280105
19622	256082
144736	299764
176034	237065
100187	278647
215873	292997
88515	272632
80194	277674
146818	284011
61031	308445
111299	258450
64134	239091
12049	240539
54567	248550
17021	252997
127992	243252
6812	260888
192277	322047
46895	255566
7787	289209
84527	279605
221936	241387
218038	332443
106247	261242
14603	261540
69697	330869
194510	281631
53853	264480
112139	299957
228659	295931
193313	275182
138938	282339
133899	306722
180997	335622
162815	250899
61830	247897
45800	301352
163646	314821
74324	271150
122222	252092
9905	312353
15705	312587
46659	330452
50176	254039
78993	307619
91807	251758
183767	308121
66885	233866
108366	289639
87409	318586
212944	292178
153921	291431
28964	331384
44121	275963
121928	288310
57193	325370
194843	324587
13855	260599
7024	327340
129106	295002
72537	302753
112086	260301
196535	281337
104518	312082
24354	245620
76158	283370
51063	306446
227383	283395
125747	240483
145299	256954
217125	327358
150725	325573
36843	285112
122388	281648
138369	333406
70007	242751
205124	274250
75168	243234
68757	285482
211161	316974
54432	248967
142292	329242
20025	335729
153756	279229
205228	256879
33119	286478
98046	294158
10716	302364
223909	269907
31477	292295
115180	283331
223120	329020
22930	234844
164475	269728
232622	277687
24286	322221
221643	256333
2490	272569
187775	284097
219035	293375
135868	303587
51248	303837
90528	256749
157256	234526
28936	269956
221415	274273
64958	252983
195422	265978
15993	305638
148041	336150
77546	243117
123909	256092
110717	314239
228821	277734
190712	325551
96752	243065
145031	266231
232899	331689
23842	307714
208167	285104
57956	307657
215356	237945
47927	274702
9687	284580
33889	315271
69232	325906
195969	331302
60406	317056
198251	278032
226778	313330
5556	277438
110447	242226
197187	316473
62581	291099
100806	255526
103072	311361
8940	317591
183409	301733
5978	242936
50422	244792
205960	256891
76379	251960
21629	265873
145986	301978
44939	274832
30493	278968
130339	324696
131186	333329
26674	280621
8211	316599
229352	298327
29648	292523
219703	263726
34824	315502
196678	326985
91981	274678
59834	238141
115275	328629
46495	315788
182071	292995
35286	307115
38605	252472
103683	273041
145600	309788
151108	303261
232660	269799
12846	265044
194116	327222
104597	332061
62703	315081
216932	290151
61378	258969
69746	272901
68975	245253
223237	266673
121336	306308
206535	261811
122409	327842
73626	252675
69598	263640
190567	296035
165878	302425
67371	252180
176481	310717
134534	321822
54090	333202
155921	292508
112331	330172
21843	286944
220123	281649
158971	261239
134930	271969
92856	263128
206566	335713
162578	329593
134769	272518
163262	327576
18983	257630
5014	292880
210360	305566
60339	287418
77141	262275
198868	317454
88324	307426
30617	292026
214700	277586
53533	234433
82773	245545
148628	280536
148218	277306
100786	273243
28178	323240
87787	271840
227449	309432
229675	333575
39087	328889
150800	298391
76129	269560
88020	334336
31750	287920
214475	235079
226055	293080
231069	255299
232067	278849
102452	275653
132557	290391
123142	255179
45744	264889
27060	318150
95187	274530
158663	273573
192613	308239
138161	249187
75622	332787
169696	249387
188993	260939
204436	289472
182367	306525
174991	295368
124300	299077
17346	281425
98049	315052
92210	255528
107023	238733
102615	332351
120760	298852
204347	233959
216913	262625
94480	320328
133086	309226
172491	241499
190552	253084
193622	295330
107426	331672
146087	235650
7750	274072
172824	238254
80572	282594
61131	306653
168844	249169
130373	280152
142861	292146
223698	254001
227673	333034
58217	260786
80221	264632
44021	234791
186368	271630
155252	327723
147954	309177
48118	334049
200016	286778
90124	284986
68548	328183
191979	260380
57238	308665
87132	282557
113524	235460
72896	300147
91456	288409
38535	260004
191748	331779
76503	265800
197834	259036
29414	295191
221198	253270
9957	249441
115925	276160
174086	242275
92567	289491
26411	258418
39131	259913
208476	293605
217924	315904
57761	296695
166757	336387
124651	284578
9285	286846
67687	326806
150858	299733
197897	273973
155509	284288
231176	280154
142300	294695
60346	292553
154354	271756
211306	335512
90070	292106
210303	286179
111846	296125
144417	280321
48884	243201
192490	332586
16373	310495
196022	286894
152314	298486
210528	250151
49655	314676
180475	322798
135026	235023
102276	260182
172716	265709
32183	241987
67409	284497
71960	316422
156138	323383
8239	257721
16998	335281
191351	327183
101569	259979
174926	276416
31525	266323
195528	327561
68711	258452
147780	299975
157374	286300
151256	260787
109497	306715
113059	280741
87975	242675
137673	272463
182122	327918
198565	282245
161420	250932
214581	284749
14508	262837
55946	281593
167469	263879
233228	294231
214740	248698
153707	251468
170634	334673
131135	257699
224097	289488
222278	242041
176258	275013
179746	320214
6999	249371
30354	237171
25308	322943
97986	238677
132249	312741
154340	291915
191145	237693
35825	264560
158312	314431
69462	308832
29591	252381
10855	270379
205044	324002
142765	328926
155340	320233
98239	288553
75677	238497
54040	328727
20164	304376
186384	262307
157515	283215
200136	305015
172335	333372
80740	240915
8276	312846
128359	325338
156198	316173
164322	312273
9278	305002
167516	309975
192028	237773
117293	256290
204884	327532
149091	255868
163512	313842
128610	327390
167184	254631
139906	291405
11158	304082
211564	236592
21045	238522
161538	251254
122357	242179
158229	242322
138889	324288
81717	259411
110633	283141
119787	290175
176305	309108
178866	261736
21073	290513
55886	236477
25936	239549
141335	301751
160890	291140
99314	290657
77758	328711
45398	261545
190400	317398
94660	240116
137832	306932
6832	298440
169369	254475
153602	236534
216391	254180
49265	234341
161694	336231
21197	263820
152911	277058
214609	270755
99714	298103
89654	250938
117959	329581
208577	249795
161805	247201
134309	258134
177803	317752
169238	266373
98227	249644
69358	305719
219872	242122
33098	244510
112789	259530
129288	284743
211419	299450
208825	256699
145187	278827
208534	292786
30176	304971
36856	288240
169904	320084
122611	234616
20169	262529
208834	315789
114375	303334
86812	330478
150779	280665
31711	311028
221713	300391
186189	313381
233088	257426
184695	288907
6584	327404
61928	293557
110865	319412
208661	303721
5580	302063
14156	300117
20086	278596
165835	237526
59571	303965
174376	259247
149442	311239
145718	288535
210199	336410
80471	304372
78723	307089
159309	305778
224693	266547
126145	331203
160933	309934
56631	295605
135472	305950
79310	269968
53525	320992
122192	259829
134924	284348
113819	292811
173284	306694
169025	297644
47370	296179
39671	236024
9787	323500
115708	318962
184439	306724
61122	235686
83401	256494
87569	306091
99433	283222
96893	288427
221788	253776
19669	289585
189136	297658
42932	274220
202592	246731
34415	318415
45374	250689
229202	284134
198226	300072
13891	259599
95658	306350
179762	246471
86488	240327
70959	262632
137146	261791
91443	266107
128505	266952
36633	299449
92759	303303
168760	264506
21753	244758
111181	335011
110187	289439
79392	247906
98222	268132
158392	279624
211054	237552
176703	325384
98687	268814
171197	311285
46073	265060
209789	286105
113668	259537
70554	304456
228186	301457
202354	280867
189756	283504
144035	245401
217254	290326
137268	273530
195060	333485
163726	249315
170261	311178
6051	260260
18501	264556
101945	302326
204280	245049
68280	270623
2928	331794
56385	335212
123460	280554
232741	261272
226603	336447
111155	249054
117175	333151
232044	242391
86943	262466
36270	248656
221984	319781
16576	316948
9436	243500
224461	325158
175392	253247
12502	275982
54124	278390
130131	287021
219081	282598
16570	246066
15185	312638
155232	287173
106909	331467
136517	307432
188092	324822
28675	292289
6107	330670
157362	251618
88680	250448
79739	312698
65277	320685
96261	237215
142568	328844
78754	296430
209554	289262
189196	333685
204270	290852
109451	266924
48184	332694
214307	250330
154191	239163
56008	273601
28301	300753
43744	331082
90919	327018
43132	319298
108645	282222
189447	278840
221895	294886
7560	254660
54961	290994
136737	310594
216876	323451
11953	297363
106235	298517
189797	275631
45727	237204
152225	334916
157760	248017
189064	323982
84867	329527
160239	273301
2808	328801
111890	297114
63763	258092
148962	284062
60682	256584
70080	261173
128474	239688
79199	247498
171065	283501
105425	262581
21347	304204
195031	271620
127228	280442
74055	293965
6595	275501
94844	296644
36841	244334
100355	287798
102502	296412
106403	262422
193121	241082
106277	324114
157882	238792
213438	253259
73127	296840
10290	270132
212073	260450
210192	333712
175113	255897
11890	288891
57494	281478
157706	273669
50112	298522
148736	331500
227241	270883
55025	257528
226294	333198
84900	243704
12055	303220
112004	327513
202415	323429
162834	296781
110648	270595
179926	269148
207447	323989
57136	280239
185538	259082
156767	308748
166116	265933
216934	318916
88932	265771
145013	267259
168729	315706
62495	295743
1889	253167
28612	290357
20890	259459
156221	266540
102594	268319
38319	253336
137849	273371
164842	289950
221935	260489
208891	257443
154849	334999
218162	282847
183285	315866
151880	310110
117552	333668
164836	235046
160875	311932
110828	294954
103333	322411
45024	304396
135828	278624
124266	270530
129490	246940
198099	249144
11168	237450
54348	269034
147138	257628
48221	252352
132353	248832
134643	242351
93363	279972
190	295040
151819	287599
153755	269067
220364	289266
53582	301077
201290	238976
70044	303038
43513	314241
158160	264759
119088	287086
124727	281192
112683	267424
93336	238888
9774	290497
3336	299612
53158	234357
175612	285042
160145	263428
61973	334894
110863	285330
74334	296335
200251	272053
32937	267695
221336	266062
117301	273985
64897	309939
178677	285524
21742	324966
77913	265016
75861	316843
140495	330806
126279	258193
98653	244044
87200	294325
181804	264523
2038	302175
142348	283491
221218	331899
17299	314801
210786	312492
191241	285855
115388	246933
37264	329415
64397	334141
101949	289683
201999	256458
11769	296535
67040	263415
194793	331987
153563	257406
125667	336072
228019	234148
155301	306315
113500	238793
53029	242034
113802	332693
25474	282455
175297	244011
76648	243606
22826	312569
11072	308741
200932	276893
150967	298807
71819	299563
4855	299769
125725	298551
150300	262458
228273	335650
51915	282615
200466	289426
191230	308567
53247	262871
184519	241140
4946	244287
160056	324932
31803	273539
135804	267559
163044	296284
160252	242300
153194	304495
58236	275039
230017	248519
168632	296209
2641	310214
18301	243146
104713	241734
225385	319169
209393	291778
190217	292040
184541	253849
74287	273722
113698	305275
203028	277273
20398	304171
54179	264507
207346	244504
150979	301791
20835	318389
124048	254588
77834	316092
143504	300540
168224	283048
232142	237297
75782	321013
144344	247626
97579	324772
177833	237417
92396	239307
153931	296926
117086	259493
221802	278888
158075	306897
132147	333752
132435	267261
139949	287619
101435	283744
68299	334744
161055	319159
186404	311686
6308	307069
183393	276289
9621	247800
107890	321635
149412	234841
139340	313963
2131	334982
65948	235213
118064	292310
97779	268760
74432	297580
38984	268081
111329	260563
78359	298167
106142	322587
186268	271269
50344	300820
36902	268712
106391	247401
63248	269727
122352	242645
136493	245396
190018	314683
27795	235979
180778	282752
39863	266292
179827	310688
83708	285893
203208	273545
20448	297886
225781	301321
1027	313178
206217	280189
130705	255020
11728	264812
127407	243454
172202	312821
206339	295018
66194	282841
13845	329049
198582	250554
130585	274151
156477	237346
231500	268259
110967	280699
85450	331219
220867	272677
9641	274550
51156	235721
92556	308615
204441	299946
213120	270616
47924	297591
30946	321284
151065	297920
96400	300299
6286	301468
6216	311114
179846	316992
171789	276317
173615	233444
29837	326882
192271	328942
188332	268163
9859	315641
70410	247747
38807	296331
111928	296003
81785	330655
8040	259160
164042	237826
179207	235406
98777	274543
230771	272878
38287	277022
171464	287687
63427	322140
149723	332665
157588	261339
184254	297898
13437	273205
194480	266742
81410	237774
135114	279787
72002	282503
78167	306184
21638	328971
114457	323245
81648	310201
64458	307826
157497	236652
69340	277631
100347	313576
92905	278540
228321	323736
203357	247773
28692	321774
142609	259908
220442	304600
174814	243351
215113	239892
109250	285988
169955	270013
70670	325043
181264	233550
40727	241178
111679	270902
11000	284122
8727	292939
19257	325190
10359	295683
218872	276913
30036	252891
26148	237640
210279	293957
94666	329343
222605	316134
197041	308047
126072	329023
105602	265497
49160	291882
126797	291408
209525	290279
93148	322928
49401	285412
139216	309945
144953	283135
110455	327769
181924	293472
42056	255510
58288	285657
160048	244364
68111	312654
109474	269736
61742	261154
218489	318270
83028	318859
207323	245414
40225	255340
193266	293817
48209	269043
77543	332498
99338	311015
22918	318863
178609	272453
85571	326958
92519	240179
40185	289917
113822	282525
85439	309143
46515	258914
170808	318663
30381	277014
162685	308893
15456	328633
141008	301403
76768	314836
232588	269957
178408	336462
119814	289499
1091	321578
14010	238123
116437	262168
74986	297924
26326	330198
178600	249770
187493	313886
77813	302666
185511	313839
113090	250585
36129	304248
7195	308020
39337	319933
204395	267388
228571	247349
5956	303267
167037	288782
201036	332686
106705	254017
77157	285684
131391	311858
145998	288969
201778	274705
138348	280078
61861	302102
137477	270939
78959	314200
92343	297573
183255	329658
123384	285811
213926	265818
58503	302647
98156	275222
204936	276091
90617	306485
49838	282053
109008	235182
35247	320793
215551	328085
13709	244135
109662	253636
155610	234649
137314	234121
14618	234627
101765	233461
15329	275711
151824	251454
171433	317280
10673	243363
128640	244437
152542	327231
166917	309661
138034	331194
217316	287952
152437	240614
155085	307169
56724	235075
39220	296159
203700	252692
92391	312416
85767	296947
123454	314916
51523	327815
67913	332764
43720	332066
150481	233500
81109	250538
86504	278938
44983	271041
55014	254886
47554	253481
198195	264132
30892	249480
96399	319031
133130	322542
220383	296077
193119	315886
124746	315600
208181	254757
176220	301735
17915	304992
176139	310882
4483	278343
233180	240845
24961	329136
113680	270876
224720	336341
190157	316553
36578	296972
160044	260581
174856	255474
178428	285023
178236	260971
62034	310591
134289	289325
166885	245930
49832	300494
143029	310796
115939	244930
100649	281645
82666	272633
186536	237221
58467	319317
181200	266603
14169	328872
191505	316450
21049	241230
45310	277924
116827	269327
82328	324164
198969	282834
198996	260385
3013	319545
213633	287998
3137	321229
47979	285930
97080	234832
217346	271306
62604	302017
225923	292418
17345	254134
109976	239348
203947	262882
129958	278109
36557	250398
221216	275807
84952	287726
156800	293485
176150	243387
118017	312282
14385	278648
41480	327910
161656	238824
50622	260909
57885	249398
148858	290558
13280	294812
67118	251475
50079	300150
80431	323202
15565	291209
45560	289613
3693	255139
162868	236677
25124	308371
34569	307945
133039	235564
206722	317438
166268	305649
82145	299150
22931	298798
157022	322721
84235	236004
132072	256859
178257	292835
67386	325869
155712	277048
45601	284493
11537	317807
169608	261825
222232	324207
152770	297665
193109	234047
202823	313484
153130	329679
46267	291188
129099	287946
176141	261126
60823	330095
21498	280876
59379	240987
198062	302280
49689	283878
68312	323727
209248	323911
222345	289349
208862	258646
186457	287283
164175	275594
225362	287175
165532	326334
134330	238340
168687	286775
110452	283616
46012	311212
216885	280502
158270	309435
145242	251096
145872	270592
100915	237920
73496	250800
211931	308731
158805	250600
180322	288777
197232	293377
35676	242412
126263	268260
138200	320057
28160	257757
159297	277927
171352	241940
147601	332509
136948	276837
215741	283109
65804	246006
187527	265626
41367	276178
59883	333683
202630	238683
103791	318366
15585	238630
199388	243104
180854	276686
204294	289300
16097	251190
64061	291067
141936	253992
26403	272276
163710	323225
2762	241070
105898	235831
9655	334442
38625	290985
78766	234475
112616	286436
101287	254573
1463	241345
6024	268450
141690	275275
132329	286087
86827	242806
189547	257536
72693	293987
178579	315831
216711	290337
1966	247150
76558	330635
227729	252324
190512	299004
189011	267320
55501	322200
47576	274340
84853	233583
92192	287638
207490	291446
97396	284568
80569	298564
86513	240314
201995	254012
195569	332392
133793	300518
139100	263009
231515	243258
129361	300563
45532	294217
11848	261429
28041	328219
101845	322782
217567	243750
26328	331362
18273	307025
219148	258253
219789	250468
10704	315574
126550	292712
34205	251453
166836	258407
54896	275852
39877	263522
59485	270752
78820	269749
160922	322826
208040	252745
158939	245144
178	250984
76470	294216
34185	284076
6276	315813
173617	325644
68081	254694
29880	253498
155044	270651
131738	323849
151811	258829
42085	334017
75792	234407
114645	300895
159871	235715
78257	250193
6824	288726
159385	267122
42394	277783
181083	324879
169394	335699
18107	300335
180441	280444
61875	301369
1961	276025
178989	275965
66629	278834
57752	279189
97934	279516
130488	244718
75693	233556
40605	249382
84347	275062
146431	295296
86613	237871
10203	265769
22686	322566
183842	250540
99870	336545
106966	335534
85989	324981
135209	264837
194668	257140
163785	299805
37906	234123
147483	318568
19718	333086
123781	250695
179172	283421
192558	308629
225103	326906
160924	316306
44246	311299
8223	302018
104506	278642
187086	279976
56238	334210
139178	297619
69984	238058
16628	290484
139828	301035
122601	281805
121607	279430
140239	247351
104981	320557
161980	298023
59995	281134
66438	322808
63431	259834
123523	274041
24549	316873
3302	293036
175684	290692
151881	262061
17362	241793
51943	249615
222156	322953
89088	335550
188762	308689
11147	244550
128732	272698
195536	288952
30512	285018
148635	277200
230623	233700
103442	261867
209834	291679
13821	310502
42882	297816
206576	283464
99899	325545
170800	244666
133001	265302
15510	332482
91682	269844
105210	302208
195431	247803
147626	237274
221224	247901
215072	318009
75225	336322
166010	246665
107203	318277
166333	251969
82529	252028
88761	238391
107155	280156
6802	270244
116931	244562
180496	315077
87648	333808
181158	284052
188488	283852
153133	291939
13197	275301
84741	272078
203195	320024
30105	334949
133330	243313
100762	248285
108334	263350
106116	233939
58163	335460
111171	332510
24578	258013
93453	239676
164015	318229
76491	265484
52960	268780
71221	252648
30914	252103
8161	259174
121045	268669
96046	283916
165937	305934
26050	264963
113138	261781
125336	236089
20853	275909
193984	284611
199138	298792
200970	302007
89262	271901
79456	275623
170399	258547
95134	286798
113154	283334
230356	254501
162224	295687
121364	323918
70597	236152
54451	250085
220708	278816
157021	333462
142192	246736
110089	330455
2396	288110
221692	326527
119861	272847
26083	273328
36766	251325
146454	283536
142761	317523
179615	333463
60568	312236
39286	296778
78955	247544
68868	236806
12604	317358
163629	324850
223504	308284
171017	276592
131556	294949
19114	272951
176063	309204
82001	315856
5706	237316
81834	256515
114464	325112
115307	276190
53054	333465
206788	286997
57874	246329
5901	260372
97068	262468
185930	335433
85400	252010
67436	255773
13515	255522
201859	272230
152229	277283
118629	256488
130059	317399
216320	307684
209607	298097
156379	237950
204647	240968
17867	321064
85048	257546
45745	313698
75120	317292
176033	303521
62527	273469
217409	331499
117379	311776
162748	241946
87397	245916
42937	233948
11073	323827
78992	321772
187573	315989
86409	277442
2101	302779
76675	234971
15219	238362
106436	314937
171064	319433
49907	289385
147931	326058
126868	250551
185573	239188
211813	234618
110391	255311
21814	288803
18401	306810
189545	258608
3958	279280
211667	318670
6176	275950
29925	263477
29729	251217
32976	305204
34017	280900
184598	301219
34060	335032
109471	298850
176194	310818
92566	255015
78938	283383
162041	322388
136188	275012
163362	303206
193615	252178
190268	247125
193987	306433
18541	292021
154456	306394
52893	274487
74383	262462
50182	324459
116442	265774
135986	242887
217042	276552
91203	322162
56268	297744
170067	272458
160424	279938
133656	283183
71265	282737
131184	329857
190034	274921
206526	287795
100748	336525
72517	273038
24936	299304
163919	302872
44841	333274
15737	284412
31054	247730
68324	254534
68195	242949
58821	281486
28566	276177
211733	235595
165686	235025
106728	299315
229289	254003
169579	327519
72978	319869
58941	255186
129188	239864
154810	251933
68086	242297
194341	262917
72541	313030
6065	267642
121261	257639
26606	254459
15733	308960
187111	253883
71799	316308
50628	325675
36142	321765
126039	277420
52028	246615
197563	285280
183373	317801
202618	327012
214019	248616
105849	262340
220983	291472
145124	248543
163588	313133
102335	281581
201049	304113
127786	295294
9175	253550
230462	332253
204747	323029
101057	292450
153854	295314
10154	257133
180266	312614
145994	315612
227924	234904
37249	323061
197428	278382
143876	308951
28459	279383
156245	233691
64424	335277
53012	310271
51600	271434
96751	289728
179922	284454
139706	237519
171026	312779
139650	262251
192067	290325
186165	266482
53460	272468
43830	335247
189902	242965
152128	332905
31084	248987
103434	242889
73020	268849
166889	274554
163602	270772
144614	313602
143589	276443
148902	244356
57128	265086
109528	322723
223899	252588
34871	246246
152711	277065
182753	285946
169898	268767
21547	322034
25478	240990
98296	297840
202836	329387
32567	324840
57240	303569
54878	242432
56184	241015
220011	331114
81770	278978
219246	303602
65753	312333
138431	287520
219879	316976
136038	243817
150456	278387
117371	322303
102675	274061
34990	290359
133821	314533
192871	263874
90767	253090
196690	263665
96050	329934
31416	323315
78008	266885
4309	314979
182957	274967
124409	248116
191646	285279
97693	261686
225908	271294
38227	290641
71135	259125
3221	255983
111442	257875
183509	284323
220385	240672
43885	335777
48671	256476
127579	253290
170438	250360
218867	303090
4192	302315
186562	304817
228417	293464
141480	313390
166240	248453
212086	312128
78796	286911
107705	330215
63704	273703
122970	327458
206853	256373
61653	265749
156806	306727
34729	286653
29104	253310
142848	304383
98534	322654
189483	271044
219384	233489
64954	251660
148923	313470
214361	304682
164765	269238
22855	273841
192275	321615
120988	271659
156097	234998
179406	242730
114350	294513
27442	298572
44188	264292
91646	254119
188698	264058
1377	262441
148595	311544
83280	248159
132152	329313
53825	284627
21434	305367
217803	324235
64934	279835
25720	263716
68669	336263
6744	244377
230978	305867
30170	314343
203339	246828
123409	332030
196150	305924
199072	251700
22162	332179
144353	263934
25562	269798
72731	302098
190830	251687
5893	277819
187056	274015
213363	318716
130778	285332
88161	292832
76256	288718
2175	328570
125254	276434
218777	317325
72809	317655
161951	264210
19070	324939
70759	285717
231009	284964
223963	336557
63893	290225
181234	235420
183998	299583
71562	297827
178019	235412
193474	287612
158263	279133
72694	270799
163031	304151
13654	326624
58553	240051
167700	268664
156611	334712
227834	234423
20074	269977
212145	282459
161209	261023
38624	255613
174075	328760
87129	269490
123675	257205
228256	325165
89181	303708
74897	262923
153682	295646
88340	253080
31002	272023
203454	290276
177738	259842
22604	305888
179609	234882
223343	326212
93228	235557
108618	237024
210912	279930
222809	273664
8920	274684
221689	259104
30187	277669
59986	288673
127699	334740
104081	307890
35279	249959
188507	333090
85659	334648
113772	282660
14545	314351
123559	283234
2478	303591
204923	284451
192257	234027
168021	312757
177080	328493
47619	300675
108290	239248
142730	333527
31372	279083
120970	303289
68467	312113
168532	258213
47403	311121
116823	241086
103932	296161
215580	315876
95533	260523
95635	243520
28577	264937
204414	277539
118226	241079
68936	259658
204402	299862
67411	241176
185664	240724
168481	303639
134237	262743
199763	329132
95482	327559
230976	311510
98515	306709
147506	330275
211416	328700
27219	234145
222520	287639
55098	273796
34998	240475
6224	294614
193839	254083
210170	292084
117254	320869
224604	289622
62443	244687
218371	256415
166028	242064
57610	307474
158352	267285
162000	311115
525	270410
11034	289511
217484	238790
194607	244224
227193	263000
90526	302901
10603	242434
199241	255349
155693	233976
137260	318280
144766	239586
43622	249314
45755	331915
181874	320495
134028	246453
72401	239515
94892	304394
69857	286588
157189	274962
8615	234513
219837	291507
38001	335543
46972	307358
66017	286776
117202	252583
161024	289509
60202	315240
40839	289170
115346	294815
171797	311570
103727	313428
22166	247997
124518	325824
178324	262010
114149	295804
115894	306222
164757	299378
129065	293461
169138	303933
215752	268392
91532	322091
163292	270639
97224	310426
151825	323252
35894	286269
128462	302881
34926	331205
126632	286187
187406	277583
189860	319205
113426	274415
120938	258776
10840	297463
84914	257913
218674	236759
200562	235622
224616	304831
56201	299888
83777	302787
78281	313215
32828	282137
44290	260716
139561	240352
93796	309097
35817	244025
16580	334185
67903	254763
216062	291477
208199	255507
172561	314180
61871	238089
135160	254806
125079	241760
121845	304437
227224	297683
130505	293621
219889	283337
163703	293226
73266	327876
106949	267478
26371	249254
122319	335927
17868	235507
87577	239169
172675	318418
18395	239461
91185	256776
159157	290656
142190	295122
89993	259923
107220	313613
79697	310345
143731	287857
158580	235807
24319	305238
22058	322612
81140	249857
93748	291777
232237	327651
198159	330786
126251	300743
192579	243020
144872	315974
66223	324546
128480	292986
115005	308536
165926	296734
123489	313896
231647	306765
50010	271425
10137	237841
63786	327732
36409	248310
132527	313258
219052	254437
70615	252886
109191	256581
96841	277176
93963	306885
136041	247807
103583	276328
105820	267547
89866	314867
3075	287259
70317	318900
10928	291123
220405	275428
41554	247785
99479	335085
89050	300908
209379	289908
27363	276343
51888	335706
101150	240770
82768	308130
156413	287471
58004	269231
219652	304029
118542	318101
162107	288843
176489	336169
2439	317091
47518	243947
2343	313466
132339	257415
93631	277114
222957	331295
199166	270484
155672	299363
15783	284408
96713	259014
107912	257870
202882	282348
97326	257616
157288	259024
157581	303306
174221	265408
193191	274880
195790	252795
158020	285532
226381	290617
188173	252686
70486	318976
18074	316582
221209	272502
208688	292727
176682	322346
62444	238782
205070	324639
55383	233960
200968	314085
69012	276488
192289	269676
12833	333008
47814	269929
137282	299286
102375	334543
233281	234952
31314	268027
70232	310566
41440	252984
194939	335455
222868	326066
46286	269026
232353	293185
147562	270966
5521	322008
130648	260414
167199	246633
8664	319126
164347	329443
98443	304043
230962	300879
148183	239191
90829	270833
1878	316081
117738	265145
125778	273184
109610	319684
12370	301576
184548	328863
47880	293762
36496	284374
192396	312121
45686	323715
223639	253012
128450	298791
65669	281078
179373	246922
91080	318059
135904	314352
203060	321159
129933	266872
223637	263797
106607	331102
193507	246472
60533	323567
176211	272895
233350	289246
152861	308350
73275	261861
211038	304542
186830	289414
11051	318281
214100	242569
167581	306532
155994	333461
166581	284712
196008	298615
128949	238426
168900	249412
214308	284962
30048	269259
119836	284705
25594	322567
165382	298650
61835	301118
71022	238192
67721	277397
86430	334926
207907	329840
13275	257154
3051	330222
7681	241914
50391	306113
191011	248536
10176	298305
190896	293784
135021	278997
134813	312317
107462	326108
56840	280243
103652	294050
101823	259567
90899	334273
195856	296791
144075	242393
142561	329308
155757	316546
103746	248140
113963	286241
141923	324971
111918	245252
200012	286029
198648	294288
169376	293718
222488	251560
226621	302979
219648	240594
76028	278633
54256	260950
115003	241418
167492	309385
28350	235515
193607	303756
225762	330965
224941	310527
149223	309393
3761	250548
13503	292133
78925	319090
218305	293134
141198	326689
190416	332328
24475	257609
157686	317441
220048	242555
145	234570
214272	335063
60372	277766
160180	263888
196581	260116
160051	286129
213182	332708
70878	308355
198519	308368
147358	277738
20413	299745
216110	327375
79062	329988
180175	332110
17921	301992
61202	248979
94637	269497
12347	258748
151747	314301
77249	313905
108801	333444
3237	312568
6926	278748
169479	248917
95570	259050
225065	294545
90884	293018
34229	240877
110205	308271
27094	247353
110514	263712
125692	311182
151395	240085
37661	300083
7797	303455
92086	311371
187645	309907
162893	274278
102449	250043
109416	263563
216714	270179
53531	302434
85562	306228
33542	265198
188393	310866
51823	302281
13529	267707
32389	331593
12576	330150
10265	248156
204071	287029
219264	332184
230348	283811
139313	310822
62877	303462
184347	289435
22853	271465
70775	256614
188133	284936
63599	261835
34714	316106
99825	260675
169043	269010
56627	313968
188007	286578
103305	245774
44451	285295
146232	297157
191929	318187
189293	329247
152731	277419
19004	309429
112864	312734
165661	311850
94378	306331
96060	317020
63900	254592
60330	320925
195727	286247
229981	274229
168364	288867
194265	255717
194999	282567
13514	260128
216136	235041
144947	261624
230098	282036
5744	244008
215802	238404
136633	271793
179001	323436
122055	236971
34911	320624
141531	276229
79255	237496
227909	246262
205682	332088
120432	320579
183651	315180
167683	289634
215249	279091
108920	245344
113318	281377
69773	288185
62267	282279
170710	305460
162490	320100
99742	324651
146410	250632
150852	300716
228421	316855
93649	271492
209907	308542
190147	278227
110710	315075
16849	311203
111322	286131
201496	269894
3028	319158
67213	272839
121603	282236
20514	310853
160127	262380
26527	254253
5319	335892
181725	305843
53316	300986
128532	331187
204666	288586
180042	326126
26267	313034
67778	255640
138467	279987
157449	278250
219107	299541
149211	275462
123140	322333
177679	246295
106392	255703
106215	328852
108900	315318
60115	283366
23703	282303
99189	281606
168250	263852
133711	326006
63009	310065
203399	236349
86078	267155
32329	295604
119028	286012
213105	244795
52088	322873
61451	322933
126030	326742
231103	264255
227251	325667
8892	261321
94714	275645
189718	269348
11876	309530
127849	306730
149369	309592
211724	281824
28374	239743
58144	271031
231474	260798
229019	236189
5657	235414
180766	296718
29316	326246
154701	247347
74723	336205
153926	264977
40433	302542
213588	279424
11954	320070
170033	251363
181318	252751
41843	317900
105096	327429
87879	333429
86953	278512
77716	275321
133824	297321
166062	312564
194148	244174
24950	326025
4166	303093
204719	304384
13809	293630
211720	267439
16497	236137
213898	247765
207500	261968
83986	318158
101224	265593
33949	246069
21603	241899
119900	295600
209153	314383
73697	286645
73033	236258
2953	279947
91457	322768
182632	305152
205640	253224
36208	308022
46714	272892
192097	257726
40569	271651
154401	303869
34838	320643
89134	259081
106994	298567
7878	261553
203528	266904
120356	270668
88352	332779
94748	300384
216287	267644
74573	332214
180514	330630
54498	289819
3387	306502
159710	268256
143936	305695
33348	258600
171366	302359
136219	239281
85190	275676
152643	309827
109725	248098
30172	248381
47360	277566
142504	316625
201870	327495
139889	264458
9393	288072
19897	280459
73618	288442
415	326466
178991	290145
151668	311508
57204	328781
214381	289603
188290	270192
167408	257433
115484	317766
3087	234517
49093	324588
8344	258815
159324	295835
128451	302476
77426	263613
230032	263598
55077	243425
65135	327788
136995	281669
27147	270909
105036	254236
201980	259332
203242	250250
124562	328167
152797	320004
150163	324268
145149	294937
57369	285789
16183	278142
95218	275441
199577	252196
231836	263168
155716	235117
113948	332254
64708	272664
65075	322539
189263	334262
3078	257131
185518	262895
193455	320340
31844	319377
109126	255622
9995	250268
125354	236201
216317	315317
105437	273385
44415	309948
15005	308976
53153	287821
187045	331683
211915	236744
187306	293146
96007	323390
211438	271056
51783	256679
6044	299102
110813	241110
93527	314141
21706	329063
36188	233930
60022	311634
101457	282305
16633	271178
2717	297844
198510	302149
205889	299158
96195	300064
108054	264212
56422	330578
84759	323088
182394	240656
76929	336446
211779	336539
154438	275136
87311	284888
38476	303536
202909	282796
42661	252581
118719	331475
199977	245494
176458	240878
181165	249464
69586	292241
85003	280634
39586	293492
996	290725
184992	264826
64213	278314
196799	336432
33527	285134
60898	292595
140632	265247
86263	287503
58599	281575
110153	316817
162504	237000
68589	308599
78105	330354
173765	235205
194405	254662
168449	285762
88621	311940
199621	274854
111873	297401
211973	256435
511	247451
82054	304246
194201	302592
123606	290198
153573	298891
57343	325851
222586	319019
74532	295265
40084	292437
181167	283347
201233	261286
92194	243617
160822	321984
222616	283603
52529	246751
159566	244928
57267	302483
28677	336448
136988	280522
207037	241952
225159	309094
59150	320700
160724	263475
39713	320038
69251	310172
201079	250597
121285	275208
107278	283547
218173	309344
38484	327460
85521	331118
55161	296336
43323	302014
213189	287198
24214	298833
137965	307507
205715	249850
89129	333158
177181	300794
201272	331704
155228	292032
136899	283013
48233	315990
16421	244232
162732	274380
108104	257225
184278	312051
44297	249090
184814	271628
196130	249847
78817	277399
106027	268950
94446	287775
116728	275512
208100	234162
201287	254947
80216	304690
163446	268795
185523	234092
199006	295527
149517	333084
170208	253764
231225	263787
23077	308606
42983	244158
159661	282936
37130	328607
104497	256063
64606	279844
170284	297970
99983	259354
189044	254433
120040	313598
20515	287733
14020	249804
112058	278126
1611	260115
231583	316460
129187	332791
231741	262795
145996	268793
82987	278140
50242	315279
137954	271790
123864	264443
202500	323738
203843	254669
174527	307465
36180	280399
72413	253195
89455	309361
187997	238008
132082	265270
229581	248033
43628	288368
92525	255819
21747	236498
201015	297951
218719	307398
42437	333631
12478	254745
177751	254453
21657	250496
136526	302720
92419	279441
103795	317731
167972	325207
63409	333166
157562	318491
194301	293265
38425	259612
165239	238523
30162	278301
34441	280930
59298	280395
213524	241831
190258	317610
53862	285977
68236	262959
216963	328303
113422	335255
30758	271455
206843	323723
186397	304289
4754	269191
50196	247340
97772	324913
87504	268949
72729	246087
61951	335141
211816	318802
148040	317449
35909	302322
73410	291257
216088	263041
18915	267467
37878	256505
2353	288086
41636	308991
155294	328663
188085	290858
127947	314109
227399	268461
155030	309260
89285	280600
79683	309716
125428	277763
182011	234949
85238	249195
195656	317230
106318	266679
184352	235758
72759	326005
31229	255547
174943	307442
83743	291394
190426	297443
80233	300626
136722	306914
94055	242572
110800	281689
117821	292149
46445	332629
226343	310160
28357	271117
104539	290382
79567	278408
113159	269030
170673	273306
155812	301283
24896	333334
101861	263179
58877	237412
118357	266817
131087	314888
204507	320797
142621	234312
123646	280091
178994	266466
49730	283847
184743	267794
210343	284421
29849	294412
54215	329699
32799	331910
195444	326532
166818	298995
28076	291137
228738	310986
124134	298475
64648	301500
209479	269605
169364	321030
102213	243791
221278	326727
48024	281568
108043	248846
53742	308325
132077	302457
52498	311588
63222	283425
213880	274286
37056	281704
75156	323754
103687	314457
118509	260937
36206	310016
26338	314931
123141	250455
73173	234818
135713	296100
157652	295171
154199	296846
60575	248923
226869	247181
129905	303885
174297	266963
107724	248999
101159	235994
12518	242741
35243	271639
195272	335473
36907	261723
111978	279130
134540	323278
174914	301153
13126	275124
105671	319685
127292	305426
113767	300946
3037	254838
31681	316711
109506	263313
51761	287146
128558	302429
74823	334763
213022	234051
137877	261361
223462	240296
78080	291576
212411	327049
60360	328169
214541	320984
112209	316406
183968	273104
61613	270972
8391	299747
214527	292177
215465	328667
189414	286042
149292	291823
26440	282107
188849	263174
159675	266801
123598	285850
176745	333703
203482	333601
204913	267565
148063	300780
231594	246893
224156	268699
96264	303144
127723	286065
44529	265645
211334	235829
187978	324567
53631	237038
140155	298641
169242	274621
92484	269168
124631	322766
98314	331697
49260	313608
42589	252009
159771	280422
63643	269105
58335	251601
12218	240721
150823	258319
180045	298005
11543	238181
123114	306079
198795	280784
211397	285761
111147	318578
84367	308189
17395	308140
42866	296137
86759	331400
229978	305252
60050	233409
233031	235756
122108	335680
14374	237976
83263	305325
85673	298769
197080	326529
209016	283647
153787	335013
76735	264518
112814	308628
193314	266680
18649	314086
182048	248394
38129	234738
62354	321726
52711	254812
226213	313775
79583	255609
80094	287382
111145	245437
33032	246826
210042	323623
132777	253283
232566	240169
21430	237734
186102	261625
186559	242698
86319	265930
42927	336558
156846	335434
165822	234812
18761	325692
3177	279499
173607	281650
42791	314023
137837	281767
202409	235808
137491	270222
104292	328890
22025	333262
72169	237089
168614	253574
11843	234578
110849	268738
232286	248622
129686	271397
225535	312235
116349	334044
112576	332408
126414	311404
181619	256351
71652	310229
52230	250822
223758	335771
114533	251970
228783	242078
101739	320878
88540	334847
18310	280075
187049	293871
5303	250762
199588	240647
209913	278026
45699	335325
70741	278641
174965	254901
124533	241683
202121	275942
102240	314007
151185	294087
16337	251074
97705	265997
83440	315687
153123	326134
27207	237119
76899	322154
8737	320508
161311	279832
216831	314115
55779	275959
204301	235301
155870	247792
69413	294010
74746	329251
225088	245778
63383	236006
179906	319145
113578	277025
7194	236235
169009	318306
97922	285032
211215	286597
9100	259895
171895	234450
111694	301816
198529	314729
82184	272042
216215	328210
193442	333871
54044	247404
227494	252024
149310	261144
202511	258016
15593	305716
162783	259502
225168	294762
103295	250892
200637	303278
192858	240403
133795	251904
132246	269444
220558	280340
85074	309673
228064	263566
189565	294557
158047	311580
205057	310254
44293	275411
138581	331109
194344	237738
106889	251714
147338	267475
121656	292501
29737	323850
66366	335470
132357	320249
222216	312696
95390	245382
161496	257277
94775	320763
10174	262560
154436	272412
16046	251570
143145	314382
111567	296322
30462	233529
15616	256582
5064	250618
219593	263325
216023	287626
198564	296229
60010	296487
135671	261655
40939	250385
11818	329007
140056	266273
72831	321141
51101	251563
112769	251304
65167	277551
178537	292073
209462	281492
227088	247829
91305	322744
39197	331653
136050	234126
76322	240272
181591	309230
214645	267071
200303	298723
228413	236680
26308	275470
67107	317098
90659	324920
230007	235899
138154	288811
67611	309377
211016	277735
152134	320309
170138	302537
177187	316192
174232	263333
152280	287340
64371	281066
113515	305925
190728	281709
177385	295155
139308	329060
192870	284697
39318	284276
45298	273057
192557	311235
20944	295552
208444	239855
46726	333514
139230	324447
11308	328647
72591	254228
183711	238591
26481	259222
73705	327041
46213	270707
82436	288745
85497	309128
33424	312320
122443	272369
228162	270537
136064	240744
133298	251357
183454	261877
123741	238057
88363	256479
229560	331829
78852	286280
105646	251192
96509	303522
187735	266826
170237	285241
137235	316985
6579	313475
219085	249900
5331	300789
28236	292669
69219	328358
75395	315140
177836	270471
50805	264201
77757	294526
125829	304505
133749	308672
183826	260161
222596	286334
213988	326508
35133	326138
134990	329437
168895	236311
16105	280507
98164	279038
84825	331611
146795	290328
141421	236075
68009	321824
22606	265654
195607	267568
232582	254328
202732	271895
68593	240040
69138	277863
103390	315975
167608	240215
221187	240362
42941	247020
123701	324178
102539	295645
32517	248166
64292	289822
14370	271092
24121	246726
60732	284666
214275	330483
26671	242705
124502	292194
117690	326135
180929	262559
175496	286146
167369	320811
40654	302906
50216	296030
15837	286875
44759	266666
123817	250701
62994	257584
37818	262266
195827	276426
185656	283068
169916	257871
49984	246071
166550	309759
152171	296286
214741	252841
24593	304789
211390	296037
21554	322702
192969	301752
177078	302631
77366	311130
106985	265182
213919	300678
64603	291909
217147	304127
127119	288546
110506	255800
98771	247686
138712	298954
13088	288493
56431	308802
5118	327254
131315	265487
93271	288326
77210	263154
59096	245039
231204	292380
59474	271157
50139	335677
174820	266751
163386	327006
154641	289085
90151	286582
212030	236047
183607	237120
144803	292757
143599	249242
211525	335305
215669	292315
155737	299530
94998	304553
37706	301934
79555	321664
218390	299328
206917	276716
129805	253281
95524	273442
71803	235097
216018	324398
211403	295747
64369	317689
107682	264805
52281	325893
95763	296253
228723	298297
78612	306553
74540	333384
88019	293202
6970	291619
56160	284038
56711	284815
120541	251207
106007	330710
117610	284290
175966	256254
206710	253304
205659	276964
44092	324792
49915	254728
49892	307490
212724	324885
76004	301090
175553	307925
118159	306278
211766	242042
8769	234249
26061	257619
151472	271865
195027	258045
158997	235964
114441	246041
11123	295753
226110	271585
136906	268827
77856	247966
63157	287562
82725	234729
64419	336001
63302	242711
24184	283328
176825	285582
50515	301880
94417	320871
191587	234431
113211	247793
202118	266544
22618	271167
194854	237251
191021	261637
200711	259313
216049	336199
178064	253470
86527	266511
153225	282008
171624	261827
175366	301100
61889	267992
177387	237903
50613	305591
141893	296365
57878	282787
203038	322031
57793	281871
32372	240370
221533	252462
5517	260817
157251	264144
162642	256788
165144	305527
70446	278342
109252	331494
24198	241792
161454	306229
34623	256524
85723	267991
154255	315221
48336	304653
100747	243718
209753	317685
79051	313545
30072	246620
35907	312593
89065	260175
110655	320486
83814	276890
45243	248710
196517	267685
182243	312719
49163	313811
104994	288123
54203	236392
135745	251788
228316	319605
41273	323967
228960	248095
101612	258720
100996	286159
155281	241819
136723	250971
125062	249136
69310	275722
176843	242147
43311	291583
138096	335600
96869	306920
13899	282942
228475	285168
145221	236368
44674	255180
227233	279412
143398	270815
214778	251371
43448	284658
216130	296613
56285	285692
109498	238418
37376	334631
89080	281884
179436	290177
64570	265443
36372	239895
170610	276590
57553	264449
155898	292871
77748	306436
187068	255531
99844	307726
82531	334637
223732	304241
84580	311889
225067	305438
148296	322468
140087	328464
123220	293486
150767	285462
92394	301104
174010	277411
62924	290908
116195	299400
9727	310894
64683	289985
14301	281768
92126	292591
90191	324780
18457	239131
65506	306437
21860	269445
52001	260141
193591	316497
14153	306768
210526	281061
75224	333551
202550	234461
56407	262558
47228	331828
214086	281047
124274	239498
201982	296625
194034	302006
102462	292982
70487	257948
24945	296401
188367	315440
77961	287123
111055	269495
115414	273411
4826	324165
224245	288149
55742	270699
222067	272040
177274	244902
15575	317938
118266	324664
58178	245411
107613	252518
219654	278396
33944	269099
144161	253959
28086	318423
53333	271726
220830	284266
230754	273924
92119	251233
86262	244593
150874	277523
202774	270198
231631	321648
27997	240779
20621	324152
168190	258787
41111	287314
121687	281344
195200	312336
125524	246169
77517	319940
168419	289357
89143	267291
184989	327653
210719	306478
149467	320094
50850	293270
192147	324508
107384	255877
49514	255734
68905	328450
51535	242410
44778	309034
30220	251575
68547	250412
75393	260208
201204	307362
140847	259621
225206	321071
150145	315272
139551	307361
176376	326982
178981	253235
191442	336530
11221	262296
63388	311805
87073	333718
44707	289046
41261	315638
94697	276706
106566	285374
85663	291207
135218	302992
181808	301615
192691	259088
154862	265563
168252	296673
140690	267165
22644	277764
85127	278192
70229	318960
21882	303742
68399	285068
90918	255255
189249	325528
154250	309302
12082	261230
64155	330863
92861	274491
160344	320492
187624	292904
133828	258619
96231	265311
154689	278120
160634	261676
7235	313774
109626	243188
28158	330765
155261	253760
181032	272515
23577	325720
227593	260425
159277	235942
134975	250939
228775	256177
183946	243652
172959	320551
5371	298112
150284	308978
74585	256939
68359	239122
214772	257632
32650	313260
153994	310123
92031	303719
113528	278121
92816	245007
183272	271130
10729	299837
169737	235487
149643	287741
20961	319322
65456	292839
63004	251603
164069	241602
47544	261342
1446	288475
16360	281523
185183	247385
127679	323337
104917	275175
51772	258295
202342	310532
225146	252377
223672	286337
217978	326582
132565	287493
226161	315958
86700	291303
151268	287618
10035	246698
124191	327024
191545	233632
28614	278416
232266	254809
101640	248193
187817	251398
99989	293689
91697	279361
207778	253332
11962	240351
81741	297345
106725	311023
207057	289321
97456	301173
128519	244717
37213	240763
195604	310611
77051	266153
156940	272484
119431	327838
53441	330102
160461	242046
77603	241699
7267	334537
182851	334608
123448	314072
4162	258323
20362	335000
130553	297612
146748	273424
117763	282745
139565	333035
46416	270089
87754	263018
140837	242370
156348	293291
103379	335159
40930	324948
73337	289712
199518	300178
47597	273915
105230	301264
111496	301654
88076	259099
231518	270967
174033	304199
115793	274923
103053	262166
9369	264986
43228	291741
174795	322291
85898	243335
25646	303699
229846	318838
89148	282498
212874	234605
232927	260122
160791	242947
205552	239347
72431	278525
113571	306791
93166	240102
15719	254427
65949	283218
167985	246898
30937	293204
93685	323016
215304	249158
79924	302965
5341	238696
139224	297564
61865	317110
132550	259201
61648	271763
140245	318498
210858	298013
88123	236776
73149	282665
73572	261414
95761	253770
1285	294584
138761	283071
221157	321418
51471	330083
124645	279035
139317	293362
174790	252148
138989	255423
9824	254603
683	311873
127711	255105
157280	319785
192623	246245
14673	258774
229371	289810
146674	253082
115436	307727
58693	298996
161969	244888
204888	285549
232469	321977
74048	302132
194126	291012
223774	255039
231810	246836
16644	323876
77742	252158
188552	293010
131487	249746
152299	238625
189634	271881
45570	330157
8079	312570
177403	274363
62819	264829
139379	274827
154433	281666
64586	238979
232170	318168
172434	335015
62240	296252
56607	300940
130409	233541
157794	300490
231598	313361
98129	265391
115355	319088
88825	298904
4327	257803
42237	269126
175110	262015
83818	296234
197811	325588
167425	235306
21051	278825
154366	254205
61633	252271
180166	258366
86897	273998
165349	263642
200544	242591
222920	283731
73988	243191
37750	240109
54699	287742
9036	315065
38455	251807
65300	264156
46041	264351
120232	244518
85593	286522
230511	280831
125700	303349
82821	287013
214333	308380
9438	288883
85170	261109
131599	315093
15379	236508
85307	277905
51413	328646
22584	274804
33856	303396
156355	298585
726	327571
62609	302670
182313	329450
128210	234367
222007	261985
130743	241444
197222	291672
79911	286175
35550	238513
194603	307217
93948	325741
157462	251199
75859	307749
180167	237931
158578	291854
103035	313213
74769	299964
171031	268347
138607	268394
225180	269521
137198	251281
61085	268524
49562	236765
90954	300560
113666	297896
47958	310403
221009	265411
171444	259218
50140	249627
189288	282647
163137	244707
116094	300889
142195	319709
147081	278703
56994	319190
3910	311303
48377	243623
179148	254136
107438	270495
108438	284470
72035	291720
209829	317143
87890	306390
186274	273068
176808	299486
105181	272848
50356	284085
155711	245080
85018	306341
73637	262499
195299	261844
134228	269243
230204	252924
194543	335886
160409	260013
184189	307511
152864	263999
64534	234830
228684	236525
15534	317270
222541	289189
40130	248227
80486	314630
99248	242327
4759	289911
224795	247443
37309	320067
169411	273630
137209	330689
159314	266999
207785	280567
125814	318675
47489	325772
40777	255161
41576	293172
91885	286733
167031	278454
1288	278823
151186	283187
208691	274758
129822	313589
161872	336345
217619	335522
103734	294467
220481	304390
198323	290147
73433	253191
144819	282573
141218	335390
118394	262209
14053	281644
20119	250028
193286	298396
19585	297935
3682	331995
132073	294229
29918	258731
168254	254364
144292	320810
129762	260137
8298	262407
227531	328795
102155	234228
88450	307718
34012	266927
137047	315767
12224	294292
133200	267290
133211	247489
153595	304165
226815	314134
196540	300148
47926	283231
86095	245302
135214	284663
157944	306162
162386	254130
104787	293129
55726	330002
94082	321627
119710	279735
47026	311860
2964	308104
155231	237208
132727	299660
116450	316736
2414	270568
164451	302255
204355	313382
217641	329542
70061	274416
201208	318886
104402	317846
88437	332745
171265	285433
175663	285592
51197	298612
123699	251646
63325	277384
3480	254474
114978	276499
1415	284369
150838	291582
139193	270628
66327	285653
13424	266711
164245	252594
215260	289532
210818	294706
224147	289304
188937	268636
225049	329837
47139	276319
159702	276276
143643	242310
52827	308341
23448	305050
83910	280898
172815	285624
58092	320735
151906	290857
101551	304395
219007	291945
168905	317476
168212	246749
194276	311534
123839	251592
171903	278713
116411	286625
231937	247359
189137	301069
86768	292716
29452	301435
77173	275376
149371	303596
197373	273860
23402	329691
33150	252808
79937	262545
207091	245093
187080	311160
207203	298505
139642	285914
218941	281663
124650	254991
63507	285460
44571	297371
9599	286237
215061	248422
58973	258816
50064	274378
12009	297649
157654	330725
182677	302594
5564	256125
20396	321343
166977	315999
15571	294566
81428	302834
88185	240954
198714	236905
182806	309547
8653	301193
82600	262110
60387	290819
102636	251617
148914	256191
218387	287097
150470	317127
202893	236714
87551	269253
128291	255230
214520	252615
62516	335819
155149	317894
23452	308167
154256	293872
94192	334789
89272	318650
59803	332119
48918	335322
64584	258625
7569	236358
136789	284476
2005	297103
37196	274645
197259	291960
167890	324648
172494	291572
211330	267874
105706	311609
229658	297445
148206	278876
92921	334811
101979	289036
102140	256565
43226	269640
70106	323597
201648	308366
41538	251216
212948	264179
143476	318819
81381	245327
166475	276728
93306	294645
107328	275223
85309	265792
46485	293324
151187	266655
158353	280063
33390	310336
124576	283437
159657	258643
175714	329090
89776	324905
117111	326228
149663	289919
61886	245668
118549	323353
20975	252358
109014	311819
215921	245447
79224	321843
166375	304026
151406	276197
81596	297812
207191	251267
114404	329255
193359	237786
206764	237366
147784	300008
200523	304290
108813	261562
45788	282639
166350	315447
58402	289158
220139	250824
107413	311393
177726	317969
216851	305216
193740	281261
181198	324099
20469	276062
222926	275816
158729	243842
106535	325099
153411	300847
144328	268063
34094	261015
206740	248277
56626	311890
181338	329693
196276	298461
212373	298540
20630	325842
216309	335019
53374	334065
50169	316854
181601	322179
49495	274981
129779	322492
57249	277771
117146	305456
14549	244967
114959	327127
202941	284034
156861	324444
164508	245098
18773	323146
96029	242253
133363	298820
83244	303100
198473	236380
219327	309282
190395	250947
220270	242869
74023	245804
55340	335422
88457	247285
107590	240601
55592	260695
108957	251886
5875	274958
101691	289871
144104	260254
188142	286654
136304	238738
126959	248781
46354	305754
29951	284426
142197	233725
98523	264433
8612	321172
13748	334546
4058	329770
87305	313366
161444	273548
66324	302788
203121	267058
12069	262472
151250	269994
96280	247647
43420	267512
142004	244423
38418	328976
52067	311487
124525	336485
66159	291192
130284	278627
139028	288198
131531	329650
169559	235509
78153	322577
9849	335775
43053	275147
29727	255075
11049	331671
56076	264998
228479	331008
161378	264268
210222	297646
218372	304100
181975	253848
183832	301146
142592	282151
158718	275300
11045	287572
105424	280289
196418	261895
209957	282727
63225	323941
212339	331587
177959	328643
222811	326088
131739	336277
29730	302234
197488	324271
63170	298906
147026	323492
47989	251461
111033	267513
205069	275557
177458	264741
159144	244604
19777	273321
21898	316716
57129	251951
61781	284169
95419	260453
160765	295770
86056	248611
2652	243120
19175	291935
120264	324276
148887	305458
136075	288268
84070	278133
190120	333431
230625	254460
68345	276485
221650	316138
42351	325034
39380	310565
30231	273441
15273	280884
114248	330237
205479	264450
87376	262863
40271	333595
171151	309867
198131	333243
150350	269673
99143	326366
205647	292477
8942	252873
55908	297499
112737	310302
114251	294647
78189	329391
62276	276929
187743	291370
121585	315955
100238	282706
156851	263234
44608	302855
61275	233937
205856	332136
5770	283696
134734	240634
134351	308318
75196	332658
58626	323788
79033	276363
73635	326622
130446	243580
102374	319471
111425	325502
73225	267174
178332	267368
227206	249031
218702	289780
232591	321551
165697	294863
112316	237175
167983	285506
218579	276297
196032	300816
99918	237479
206346	278857
175796	260872
98264	316821
210412	286037
24403	280918
144741	264180
140562	320649
92852	292248
70010	255038
7146	235234
205839	257662
74710	320326
161652	234938
52509	308824
224869	262496
128686	234022
221901	321698
209487	275687
6366	276105
116138	303320
4117	313617
126153	324808
13975	279619
50041	236354
199801	317546
41587	293755
95079	297082
45506	327517
135763	317009
99696	310758
125072	273008
14921	333142
147608	280654
27	298539
185915	317396
154270	256799
16709	245702
41309	285691
16320	332262
96267	307041
199714	330325
164866	283059
61595	297666
25251	325967
224314	242380
212686	335373
82036	271417
165928	248354
70564	307679
79322	280317
170515	294413
151933	246953
193608	280880
150397	285338
195924	275008
93452	312024
116319	244870
66670	251485
55402	289926
183046	323183
34825	254483
20221	286312
151344	251260
188271	329546
191335	275056
184523	259477
9145	305983
5175	287544
59704	283436
166134	244565
110203	327470
76511	319786
45518	266370
193434	264069
109176	300542
170778	285425
217977	295474
115860	255634
13902	260783
2891	301599
121090	246424
72445	313388
89798	243924
208074	317426
95806	273514
128859	289416
231339	307392
2982	258704
24458	298277
53903	308993
231421	235624
95254	237595
86913	236439
218629	262568
117979	305387
120291	293568
213956	266237
70022	330917
128212	313552
148515	285739
719	318240
119180	250790
196328	292374
181792	305498
91022	307873
118642	252994
8399	254672
158748	239971
144186	313239
164467	276855
72014	290445
100174	278785
109743	297520
165210	291532
218237	336318
25950	245103
107473	250859
146174	283212
98260	322182
7914	286045
207964	239370
111868	270073
53135	298192
69607	293899
141395	312156
178084	265342
81990	334842
37939	300840
143801	317665
218471	296789
25444	253326
96976	292236
202383	328998
13646	252106
174752	298502
115884	313190
217847	303128
85328	314100
187183	295650
122135	243863
184903	268826
168094	252097
215019	266046
189637	327442
101229	272989
186474	235465
56128	293478
148877	283457
42339	259364
205461	306501
184593	258483
63907	279730
212817	295462
168126	333091
89524	324332
189555	267521
82470	268478
160683	290000
152826	303130
177503	318599
183643	273162
179776	255986
153449	264549
183947	249990
30528	282388
51287	263136
171560	248449
153731	284267
147923	257152
181940	317621
169123	272180
224865	266968
7974	325579
60478	264941
36653	243490
122492	298854
217197	319567
80924	284632
56092	329078
143013	244812
171432	242000
185830	320617
222817	298521
3344	289273
169837	255284
109609	233488
53952	308115
201837	282887
43038	245170
17402	256685
181534	288598
212322	307339
62455	318590
230189	244444
216718	305242
165967	330131
126269	318958
31157	242836
107526	253673
53734	309031
126867	325247
71788	313647
193397	302499
23584	265876
213444	269441
61192	236360
88750	289790
144518	311910
226414	332814
113967	319328
132525	335215
178008	291622
89370	322646
102528	331808
28845	320742
98591	315004
178426	307530
55699	326244
217875	262479
4381	249166
59791	245910
211008	242766
207157	237784
7666	271764
232443	325847
197280	234152
56321	287223
215185	237646
139736	289672
185193	308310
43856	291134
201234	291972
118016	273538
183578	298516
13415	268576
80000	307611
126297	312322
69257	283997
157168	305432
33399	292580
217679	245745
18781	303227
172593	329091
155293	312214
201708	295697
111879	290830
206544	256291
198055	287176
162687	306397
204493	277634
141959	246341
72808	320287
140496	275520
172859	292530
190786	279391
105095	272726
226400	282924
63096	317104
169695	329657
228055	272489
7924	264364
213006	260304
115766	307151
151971	262921
193151	335153
228525	257793
167430	296790
208044	271023
112386	241700
3927	265157
115922	333872
5298	253251
84806	262138
153107	313070
230188	237359
131136	283120
138870	332765
60331	315667
107618	286677
115231	293094
229370	252848
81323	320960
184053	335575
92602	250087
167606	326941
222796	333751
84149	301436
172748	318579
92671	320957
127655	309287
143361	326072
96343	299944
2199	275914
65851	253850
8172	234444
79229	278479
207928	320613
221746	235960
9667	308220
203294	320582
163510	260656
63571	314528
175337	280809
214430	246065
81527	331599
110858	245913
61440	255207
188559	262304
40060	310923
117870	326585
103573	311006
141493	278430
103894	240925
88913	284217
206129	287116
176368	258839
68492	280310
113195	276856
38283	334528
58286	252104
4057	240387
86451	235276
21472	312713
52413	239406
206326	314840
86070	279223
184864	334829
78590	306577
200468	293460
77424	279812
56324	277190
220225	252346
92505	298185
88901	268487
17521	303019
197028	268474
21608	241848
213875	265329
226562	255665
6619	268292
25099	308243
175378	246867
54568	334786
192276	253125
29190	313021
227585	279966
200072	327700
111979	240275
17955	313573
181881	283875
216595	327475
172563	247080
117168	268180
218770	258508
42852	264422
110951	308420
232649	247158
11959	290432
25506	269723
36648	280814
211596	301801
68289	244729
30357	308021
189015	316647
133110	267611
225199	314409
14063	267127
80925	327812
46112	308804
103736	271748
6450	305772
87941	333696
14114	243795
226342	321639
121456	266748
182267	325373
16616	283921
173828	278138
130335	335939
168794	333956
41329	294455
142795	290661
132062	271195
185053	239323
59523	311720
190478	333149
41857	275246
88646	258176
110422	242928
192699	236571
997	253175
59074	295861
189791	272714
219086	246199
37078	308063
172370	249151
128357	271394
10190	263699
34065	299075
167420	288801
98438	295791
169374	264009
143076	329732
69731	322263
130911	240134
28320	268432
96077	318495
221007	328860
192964	325887
142652	334493
158562	310614
173237	300600
48123	329295
127794	283527
107183	324593
29568	253467
16300	267452
186954	235825
11511	330351
29390	324477
171299	328563
119914	310344
198256	327974
196994	251296
153769	302998
46025	309201
230193	334660
82740	257057
198804	259101
149151	299731
133763	256733
22239	279150
69356	262656
177533	274848
75465	286527
32647	288555
108837	251031
94028	297089
139664	257086
22315	284915
56897	277800
92010	258684
197752	246157
66282	325427
209497	306718
68776	329744
132422	308499
58645	247842
206260	287564
95170	265945
22454	266674
29112	259920
109689	260731
62978	299980
27048	287359
65240	274434
88311	295834
4647	287179
150733	269360
175674	329135
215423	263870
31380	268217
207071	328037
143371	292415
54950	285688
118504	283493
161895	307290
170410	316778
131419	281792
192020	276664
57440	247366
189489	328284
226751	291249
207537	251808
171754	303601
187105	241306
119409	265304
120851	317066
186868	326219
186336	282496
133190	263761
147892	329480
80029	294796
175328	249766
75028	244073
190826	282355
148133	273187
181041	319726
58824	305901
48454	252572
85112	294137
97497	293071
189386	267526
8641	298441
5777	250751
64352	255453
187630	321590
5257	301827
51047	309899
145147	335413
78846	282586
131247	247725
133404	305134
141794	250935
162265	288394
214729	252056
39820	236658
195815	274564
170964	253169
204342	319361
161970	255853
119893	303660
61089	318212
230002	277635
83443	326728
212358	295415
44368	335242
176779	268869
160350	244030
70017	285297
141040	311961
32328	269760
186229	298385
171830	312873
195134	316971
38004	235089
184678	238015
104278	300957
232191	312206
39711	317276
182324	297115
141006	286430
133641	311669
1127	274573
157095	313336
104014	241127
104565	258476
144525	298074
10657	244613
159202	307529
4646	292828
227956	316772
117908	254284
115368	241347
118849	292018
101376	312074
83592	315179
36297	284377
47272	325105
141625	246337
5608	323212
52045	313162
209730	249620
161606	319308
120777	240934
108019	287893
161305	267080
96548	307262
167387	259312
152895	334078
163642	264823
31139	277237
169096	261585
223174	285710
70846	252971
117823	279427
137037	286756
201638	249311
164873	276108
194594	298569
147828	331960
47250	334525
227796	296439
109816	330456
51868	288408
222049	234894
197094	275796
47300	285885
115759	254650
150880	274814
129432	295253
143231	288644
97544	259980
164721	293114
45529	306832
23078	266535
46559	236496
16393	294924
178134	293096
133198	285118
25662	326896
214701	327832
218380	245288
72688	303723
130709	328227
141039	334341
29122	268901
145925	306589
30652	294838
116194	302903
94037	273621
212515	243884
193222	332084
36122	308087
204082	268798
55562	266920
220895	317320
70399	297669
59434	297127
144886	280518
66671	321247
144761	270197
103368	292168
211150	285502
71645	329016
13180	285440
155886	274265
104463	286596
127664	277262
3605	316042
10080	265505
10267	261644
95166	303801
160637	288663
177648	313747
200893	238563
133921	262998
216712	280271
21805	289324
110791	289545
191541	322397
81294	299498
205653	245390
215750	297347
200179	284800
200309	245531
122741	315048
130690	324864
212866	331034
221478	328594
208708	302026
187013	317711
147378	283683
194096	296617
121151	285259
127745	288411
184626	256123
191409	307927
